            [38;2;32;32;32m████████████            
    ██[38;2;189;49;49m██[38;2;32;32;32m████[38;2;57;148;255m████████████[38;2;32;32;32m████        
  ██[38;2;255;172;172m██[38;2;49;65;148m██[38;2;49;82;213m██[38;2;57;148;255m██████████████████[38;2;246;74;74m██[38;2;32;32;32m██    
██[38;2;255;172;172m██[38;2;246;74;74m██[38;2;49;82;213m██[38;2;57;148;255m██[38;2;57;213;255m████[38;2;57;148;255m██████████████[38;2;246;74;74m██[38;2;189;49;49m██[38;2;32;32;32m██  
██[38;2;246;74;74m████[38;2;49;82;213m██[38;2;57;213;255m██[38;2;255;255;255m████[38;2;57;213;255m██[38;2;57;148;255m██████████[38;2;255;172;172m██[38;2;189;49;49m██████  
██[38;2;246;74;74m██[38;2;189;49;49m██[38;2;49;82;213m██[38;2;57;213;255m██[38;2;255;255;255m████[38;2;57;213;255m██[38;2;57;148;255m██████████[38;2;255;172;172m██[38;2;189;49;49m██████[38;2;32;32;32m██
██[38;2;189;49;49m██████[38;2;49;82;213m██[38;2;57;213;255m████[38;2;57;148;255m██████████[38;2;255;172;172m██[38;2;189;49;49m████████[38;2;32;32;32m██
██[38;2;49;82;213m██[38;2;189;49;49m████[38;2;49;65;148m██[38;2;57;148;255m████████████[38;2;246;74;74m██[38;2;189;49;49m████████[38;2;32;32;32m████
██[38;2;57;148;255m██[38;2;189;49;49m██[38;2;49;65;148m██[38;2;57;148;255m████████████[38;2;49;82;213m██[38;2;189;49;49m████████[38;2;49;65;148m████[38;2;32;32;32m██
██[38;2;49;65;148m██[38;2;57;148;255m██████████████████[38;2;49;65;148m██[38;2;189;49;49m██[38;2;49;65;148m████[38;2;49;82;213m██[38;2;49;65;148m██[38;2;32;32;32m██
██[38;2;74;82;82m██[38;2;49;65;148m██[38;2;57;148;255m████[38;2;74;82;82m██████[38;2;57;148;255m████[38;2;49;82;213m██████████[38;2;49;65;148m██[38;2;74;82;82m██[38;2;32;32;32m██
██[38;2;74;82;82m████████[38;2;164;164;197m██[38;2;255;255;255m██[38;2;164;164;197m██[38;2;74;82;82m██[38;2;49;82;213m████████[38;2;74;82;82m████████[38;2;32;32;32m██
  ██[38;2;123;123;131m██[38;2;74;82;82m████[38;2;255;255;255m██████[38;2;74;82;82m██████████████[38;2;123;123;131m██[38;2;32;32;32m██  
  ██[38;2;222;205;246m██[38;2;255;255;255m██[38;2;123;123;131m██[38;2;164;164;197m██[38;2;255;255;255m██[38;2;164;164;197m██[38;2;74;82;82m██████████[38;2;123;123;131m██[38;2;222;205;246m██[38;2;164;164;197m██[38;2;32;32;32m██  
    ██[38;2;222;205;246m██[38;2;255;255;255m██[38;2;123;123;131m██████[38;2;222;205;246m████████████[38;2;164;164;197m██[38;2;32;32;32m██    
      ██[38;2;164;164;197m██[38;2;222;205;246m██████████████[38;2;164;164;197m████[38;2;32;32;32m██      
        ████[38;2;164;164;197m████████████[38;2;32;32;32m████        
            ████████████            [0m