            [38;2;32;32;32m████████████            
      ██████[38;2;180;57;246m████████████[38;2;32;32;32m██████      
    ██[38;2;230;32;197m██████[38;2;180;57;246m██████████[38;2;230;32;197m██████[38;2;180;0;148m██[38;2;32;32;32m██    
  ██[38;2;255;197;255m██[38;2;230;32;197m██████[38;2;205;65;255m████[38;2;180;57;246m████[38;2;230;32;197m██[38;2;255;197;255m████[38;2;230;32;197m████[38;2;180;0;148m██[38;2;32;32;32m██  
  [38;2;180;0;148m██[38;2;230;32;197m██████[38;2;180;57;246m██[38;2;205;65;255m████[38;2;180;57;246m████[38;2;230;32;197m██[38;2;255;197;255m████[38;2;230;32;197m████[38;2;180;0;148m██[38;2;32;32;32m██  
██[38;2;230;32;197m██████[38;2;180;0;148m██[38;2;180;57;246m██████████[38;2;230;32;197m██████████[38;2;180;0;148m████  
[38;2;32;32;32m██[38;2;230;32;197m████[38;2;180;0;148m██[38;2;180;57;246m██[38;2;222;205;246m██[38;2;180;57;246m██[38;2;222;205;246m██[38;2;180;57;246m██████[38;2;230;32;197m████████[38;2;180;0;148m████[38;2;32;32;32m██
██[38;2;180;0;148m████[38;2;180;57;246m██[38;2;222;205;246m██[38;2;180;57;246m██[38;2;222;205;246m██[38;2;180;57;246m██[38;2;222;205;246m██[38;2;180;57;246m██████[38;2;230;32;197m████[38;2;180;0;148m██████[38;2;32;32;32m██
██[38;2;115;49;205m██[38;2;180;57;246m████[38;2;222;205;246m██[38;2;180;57;246m██[38;2;222;205;246m██[38;2;180;57;246m██[38;2;222;205;246m██[38;2;180;57;246m██████[38;2;115;49;205m██[38;2;180;0;148m██████[38;2;106;49;197m██[38;2;32;32;32m██
██[38;2;106;49;197m██[38;2;180;57;246m████████████████████[38;2;115;49;205m████████[38;2;106;49;197m██[38;2;32;32;32m██
██[38;2;74;82;82m██[38;2;106;49;197m██[38;2;180;57;246m████[38;2;74;82;82m██████[38;2;180;57;246m████[38;2;115;49;205m██████████[38;2;106;49;197m██[38;2;74;82;82m██[38;2;32;32;32m██
██[38;2;74;82;82m████████[38;2;164;164;197m██[38;2;255;255;255m██[38;2;164;164;197m██[38;2;74;82;82m██[38;2;115;49;205m██████[38;2;106;49;197m██[38;2;74;82;82m████████[38;2;32;32;32m██
  ██[38;2;123;123;131m██[38;2;74;82;82m████[38;2;255;255;255m██████[38;2;74;82;82m██████████████[38;2;123;123;131m██[38;2;32;32;32m██  
  ██[38;2;222;205;246m██[38;2;255;255;255m██[38;2;123;123;131m██[38;2;164;164;197m██[38;2;255;255;255m██[38;2;164;164;197m██[38;2;74;82;82m██████████[38;2;123;123;131m██[38;2;222;205;246m██[38;2;164;164;197m██[38;2;32;32;32m██  
    ██[38;2;222;205;246m██[38;2;255;255;255m██[38;2;123;123;131m██████[38;2;222;205;246m████████████[38;2;164;164;197m██[38;2;32;32;32m██    
      ██[38;2;164;164;197m██[38;2;222;205;246m██████████████[38;2;164;164;197m████[38;2;32;32;32m██      
        ████[38;2;164;164;197m████████████[38;2;32;32;32m████        
            ████████████            [0m