            [38;2;32;32;32m████████████            
        ████[38;2;255;213;57m████████████[38;2;32;32;32m████        
      ██[38;2;255;213;57m████[38;2;213;172;16m██[38;2;115;131;148m██████[38;2;213;172;16m██[38;2;255;213;57m████[38;2;213;172;16m██[38;2;32;32;32m██      
    ██[38;2;255;213;57m██[38;2;255;246;90m██[38;2;164;180;197m██[38;2;115;131;148m██████████[38;2;213;172;16m██[38;2;255;213;57m████[38;2;213;172;16m██[38;2;32;32;32m██    
  ██[38;2;115;131;148m██[38;2;255;246;90m██[38;2;255;255;255m████[38;2;164;180;197m██[38;2;115;131;148m████████[38;2;213;172;16m██[38;2;255;213;57m████[38;2;213;172;16m████[38;2;32;32;32m██  
  ██[38;2;213;172;16m██[38;2;255;246;90m██[38;2;255;255;255m████[38;2;164;180;197m██[38;2;115;131;148m████████[38;2;255;213;57m██████[38;2;213;172;16m██[38;2;82;98;106m██[38;2;32;32;32m██  
██[38;2;115;131;148m██[38;2;255;213;57m████[38;2;164;180;197m████[38;2;115;131;148m██████████[38;2;255;213;57m██████[38;2;82;98;106m██████[38;2;32;32;32m██
██[38;2;115;131;148m██[38;2;255;213;57m████[38;2;115;131;148m████████████[38;2;213;172;16m██[38;2;255;213;57m████[38;2;213;172;16m██[38;2;82;98;106m██████[38;2;32;32;32m██
██[38;2;115;131;148m██[38;2;255;213;57m████[38;2;115;131;148m████████████[38;2;255;213;57m██████[38;2;82;98;106m████████[38;2;32;32;32m██
██[38;2;57;74;90m██[38;2;255;213;57m████[38;2;115;131;148m████████████[38;2;255;213;57m████[38;2;213;172;16m██[38;2;82;98;106m██████[38;2;57;74;90m██[38;2;32;32;32m██
██[38;2;74;82;82m██[38;2;213;172;16m██[38;2;255;213;57m██[38;2;115;131;148m██[38;2;74;82;82m██████[38;2;115;131;148m████[38;2;255;213;57m██[38;2;213;172;16m████[38;2;82;98;106m████[38;2;57;74;90m██[38;2;74;82;82m██[38;2;32;32;32m██
██[38;2;74;82;82m████████[38;2;164;164;197m██[38;2;255;255;255m██[38;2;164;164;197m██[38;2;74;82;82m██[38;2;82;98;106m██[38;2;213;172;16m██████[38;2;74;82;82m████████[38;2;32;32;32m██
  ██[38;2;123;123;131m██[38;2;74;82;82m████[38;2;255;255;255m██████[38;2;74;82;82m██████████████[38;2;123;123;131m██[38;2;32;32;32m██  
  ██[38;2;222;205;246m██[38;2;255;255;255m██[38;2;123;123;131m██[38;2;164;164;197m██[38;2;255;255;255m██[38;2;164;164;197m██[38;2;74;82;82m██████████[38;2;123;123;131m██[38;2;222;205;246m██[38;2;164;164;197m██[38;2;32;32;32m██  
    ██[38;2;222;205;246m██[38;2;255;255;255m██[38;2;123;123;131m██████[38;2;222;205;246m████████████[38;2;164;164;197m██[38;2;32;32;32m██    
      ██[38;2;164;164;197m██[38;2;222;205;246m██████████████[38;2;164;164;197m████[38;2;32;32;32m██      
        ████[38;2;164;164;197m████████████[38;2;32;32;32m████        
            ████████████            [0m